845 2535
-117 4 910 1 911 -1 2505 1 2506 -1
-81 4 898 1 899 -1 2505 1 2506 -1
225 4 528 1 529 -1 2505 -1 2506 1
230 4 1730 1 1731 -1 2505 -1 2506 1
-130 4 1782 1 1783 -1 2505 1 2506 -1
-248 4 2084 1 2085 -1 2505 1 2506 -1
-75 3 1880 1 1884 -1 2484 -1
30 6 1880 1 1881 -1 1884 -1 1885 1 2484 -1 2485 1
-183 4 312 1 313 -1 2505 1 2506 -1
-187 2 1884 -1 2484 -1
67 4 1884 -1 1885 1 2484 -1 2485 1
34 4 1104 1 1105 -1 2505 -1 2506 1
158 4 1794 1 1795 -1 2505 -1 2506 1
-132 3 1870 1 1884 -1 2484 -1
-4 4 900 1 901 -1 2505 1 2506 -1
57 6 1870 1 1871 -1 1884 -1 1885 1 2484 -1 2485 1
-26 4 1324 1 1325 -1 2505 1 2506 -1
-27 4 1540 1 1541 -1 2505 1 2506 -1
145 4 352 1 353 -1 2505 -1 2506 1
-58 4 1336 1 1337 -1 2505 1 2506 -1
30 4 1106 1 1107 -1 2505 -1 2506 1
-10 2 334 1 335 -1
-64 2 390 1 391 -1
-10 2 1428 1 1429 -1
-23 2 198 1 199 -1
-47 2 2426 1 2427 -1
19 2 444 1 445 -1
15 2 438 1 439 -1
-21 2 850 1 851 -1
-33 2 680 1 681 -1
0 4 682 1 683 -1 2505 1 2506 -1
94 4 1992 1 1993 -1 2505 -1 2506 1
15 4 154 1 155 -1 2505 -1 2506 1
-225 4 840 1 841 -1 2505 1 2506 -1
-32 4 410 1 411 -1 2505 -1 2506 1
17 4 574 1 575 -1 2505 -1 2506 1
168 4 40 1 41 -1 2505 1 2506 -1
-26 4 2188 1 2189 -1 2505 1 2506 -1
26 4 2230 1 2231 -1 2505 -1 2506 1
43 4 800 1 801 -1 2505 -1 2506 1
164 4 30 1 31 -1 2505 1 2506 -1
-1 4 1286 1 1287 -1 2505 -1 2506 1
-67 4 264 1 265 -1 2505 -1 2506 1
-2 4 684 1 685 -1 2505 1 2506 -1
-6 4 1626 1 1627 -1 2505 1 2506 -1
12 4 570 1 571 -1 2505 -1 2506 1
63 4 258 1 259 -1 2505 -1 2506 1
54 4 406 1 407 -1 2505 -1 2506 1
-156 4 842 1 843 -1 2505 1 2506 -1
7 4 2178 1 2179 -1 2505 1 2506 -1
-8 4 2254 1 2255 -1 2505 -1 2506 1
-228 4 832 1 833 -1 2505 1 2506 -1
-185 4 794 1 795 -1 2505 -1 2506 1
41 4 618 1 619 -1 2505 1 2506 -1
-63 4 394 1 395 -1 2505 1 2506 -1
-230 2 836 1 837 -1
1 4 624 1 625 -1 2505 1 2506 -1
1 4 1280 1 1281 -1 2505 -1 2506 1
34 4 674 1 675 -1 2505 1 2506 -1
-15 4 2190 1 2191 -1 2505 1 2506 -1
181 4 42 1 43 -1 2505 1 2506 -1
32 4 1564 1 1565 -1 2505 -1 2506 1
8 4 2076 1 2077 -1 2505 -1 2506 1
-72 4 396 1 397 -1 2505 1 2506 -1
102 4 2226 1 2227 -1 2505 -1 2506 1
157 2 942 1 943 -1
30 4 1618 1 1619 -1 2505 1 2506 -1
37 2 4 1 5 -1
-4 4 1628 1 1629 -1 2505 1 2506 -1
82 4 1326 1 1327 -1 2505 1 2506 -1
105 2 496 1 497 -1
-11 4 1430 1 1431 -1 2505 1 2506 -1
-163 4 2058 1 2059 -1 2505 1 2506 -1
112 2 2338 1 2339 -1
136 2 1290 1 1291 -1
140 2 2258 1 2259 -1
-24 2 1984 1 1985 -1
206 2 2264 1 2265 -1
16 4 1548 1 1549 -1 2505 1 2506 -1
125 2 726 1 727 -1
97 2 500 1 501 -1
-12 2 338 1 339 -1
82 4 1542 1 1543 -1 2505 1 2506 -1
116 2 2192 1 2193 -1
-5 2 2434 1 2435 -1
120 2 1308 1 1309 -1
123 2 2356 1 2357 -1
148 2 60 1 61 -1
41 4 256 1 257 -1 2505 -1 2506 1
138 4 530 1 531 -1 2499 1 2500 -1
-5 2 884 1 885 -1
-58 2 212 1 213 -1
-9 2 204 1 205 -1
74 2 954 1 955 -1
97 2 970 1 971 -1
98 2 1100 1 1101 -1
146 2 1666 1 1667 -1
-23 2 856 1 857 -1
8 2 1024 1 1025 -1
17 2 378 1 379 -1
5 4 1432 1 1433 -1 2505 1 2506 -1
97 2 2266 1 2267 -1
3 2 1766 1 1767 -1
96 2 2342 1 2343 -1
-108 2 1274 1 1275 -1
-36 4 676 1 677 -1 2505 1 2506 -1
-142 4 388 1 389 -1 2505 1 2506 -1
59 4 1016 1 1017 -1 2505 -1 2506 1
148 2 450 1 451 -1
-194 4 766 1 767 -1 2505 -1 2506 1
-292 4 834 1 835 -1 2505 1 2506 -1
-98 2 788 1 789 -1
93 2 2468 1 2469 -1
-11 2 1434 1 1435 -1
65 4 828 1 829 -1 2505 -1 2506 1
52 4 750 1 751 -1 2505 -1 2506 1
-59 4 2180 1 2181 -1 2505 1 2506 -1
115 2 364 1 365 -1
187 2 1604 1 1605 -1
134 4 1900 1 1901 -1 2505 -1 2506 1
64 2 582 1 583 -1
91 2 502 1 503 -1
52 4 938 1 939 -1 2505 -1 2506 1
119 4 32 1 33 -1 2505 1 2506 -1
-149 2 252 1 253 -1
-100 4 318 1 319 -1 2505 -1 2506 1
57 2 2142 1 2143 -1
-27 4 1424 1 1425 -1 2505 1 2506 -1
147 2 1820 1 1821 -1
154 2 1800 1 1801 -1
-37 4 1620 1 1621 -1 2505 1 2506 -1
142 2 358 1 359 -1
33 4 744 1 745 -1 2505 -1 2506 1
45 4 1008 1 1009 -1 2505 -1 2506 1
-77 4 758 1 759 -1 2505 -1 2506 1
101 4 1824 1 1825 -1 2499 1 2500 -1
-100 4 2420 1 2421 -1 2505 1 2506 -1
156 4 288 1 289 -1 2499 1 2500 -1
-169 4 140 1 141 -1 2499 -1 2500 1
101 2 232 1 233 -1
126 4 236 1 237 -1 2499 1 2500 -1
138 4 1058 1 1059 -1 2499 1 2500 -1
274 4 820 1 821 -1 2505 -1 2506 1
82 2 1590 1 1591 -1
68 4 1772 1 1773 -1 2499 1 2500 -1
210 4 2216 1 2217 -1 2499 1 2500 -1
74 4 2148 1 2149 -1 2499 1 2500 -1
-75 2 1036 1 1037 -1
164 4 26 1 27 -1 2499 1 2500 -1
85 2 1372 1 1373 -1
-113 4 2495 1 2496 -1 2499 -1 2500 1
64 4 138 1 139 -1 2499 -1 2500 1
97 2 484 1 485 -1
86 2 174 1 175 -1
-5 2 894 1 895 -1
-203 4 1966 1 1967 -1 2499 -1 2500 1
-14 2 420 1 421 -1
-52 2 1148 1 1149 -1
35 2 1976 1 1977 -1
87 2 486 1 487 -1
105 2 534 1 535 -1
20 2 1506 1 1507 -1
-46 2 656 1 657 -1
6 2 1386 1 1387 -1
138 4 960 1 961 -1 2499 1 2500 -1
95 2 292 1 293 -1
149 4 976 1 977 -1 2499 1 2500 -1
91 2 578 1 579 -1
-36 2 1072 1 1073 -1
14 2 2448 1 2449 -1
90 2 2096 1 2097 -1
50 2 1652 1 1653 -1
-25 4 1968 1 1969 -1 2499 -1 2500 1
93 2 2094 1 2095 -1
-19 2 276 1 277 -1
-6 2 114 1 115 -1
-59 2 2402 1 2403 -1
-64 2 904 1 905 -1
5 2 1978 1 1979 -1
40 2 1832 1 1833 -1
250 2 1912 1 1913 -1
-63 2 2464 1 2465 -1
90 2 2088 1 2089 -1
67 2 2092 1 2093 -1
-32 2 1758 1 1759 -1
-69 2 2132 1 2133 -1
24 2 692 1 693 -1
74 4 1866 1 1867 -1 2499 1 2500 -1
-84 2 722 1 723 -1
60 2 554 1 555 -1
-36 2 1684 1 1685 -1
50 2 690 1 691 -1
8 2 166 1 167 -1
11 2 982 1 983 -1
-34 2 1146 1 1147 -1
-43 2 926 1 927 -1
-49 2 2533 1 2534 -1
34 2 164 1 165 -1
29 2 1836 1 1837 -1
-35 2 724 1 725 -1
-40 2 1582 1 1583 -1
-45 2 1240 1 1241 -1
51 2 552 1 553 -1
55 6 336 1 337 -1 2499 1 2500 -1 2505 1 2506 -1
-41 2 2324 1 2325 -1
-2 2 1302 1 1303 -1
-9 2 600 1 601 -1
100 2 1808 1 1809 -1
37 2 1400 1 1401 -1
113 4 1596 1 1597 -1 2499 1 2500 -1
-63 2 2416 1 2417 -1
14 2 330 1 331 -1
15 2 2304 1 2305 -1
46 2 84 1 85 -1
53 4 354 1 355 -1 2499 1 2500 -1
-230 4 2012 1 2013 -1 2499 -1 2500 1
-53 2 1258 1 1259 -1
-61 2 1716 1 1717 -1
-44 2 1046 1 1047 -1
86 2 482 1 483 -1
286 4 218 1 219 -1 2499 1 2500 -1
-15 2 56 1 57 -1
-99 2 1226 1 1227 -1
-64 2 2484 1 2485 -1
-23 2 1160 1 1161 -1
-166 4 2378 1 2379 -1 2499 -1 2500 1
-22 2 614 1 615 -1
-105 2 872 1 873 -1
-36 2 2036 1 2037 -1
-24 2 1086 1 1087 -1
51 2 2300 1 2301 -1
111 2 1348 1 1349 -1
52 2 1396 1 1397 -1
-28 2 1494 1 1495 -1
62 2 178 1 179 -1
72 2 1520 1 1521 -1
178 2 372 1 373 -1
60 4 774 1 775 -1 786 -1 787 1
73 2 80 1 81 -1
17 2 708 1 709 -1
51 2 2098 1 2099 -1
61 2 302 1 303 -1
446 4 1814 1 1815 -1 2499 1 2500 -1
69 2 296 1 297 -1
57 4 1940 1 1941 -1 1946 -1 1947 1
35 2 186 1 187 -1
42 2 472 1 473 -1
195 4 280 1 281 -1 2499 1 2500 -1
46 2 1496 1 1497 -1
21 2 1378 1 1379 -1
-138 4 636 1 637 -1 2499 -1 2500 1
60 2 1516 1 1517 -1
36 2 1934 1 1935 -1
401 4 2206 1 2207 -1 2499 1 2500 -1
51 2 490 1 491 -1
81 2 2472 1 2473 -1
-10 2 1462 1 1463 -1
9 2 2438 1 2439 -1
55 2 542 1 543 -1
-11 2 1328 1 1329 -1
-43 2 2482 1 2483 -1
13 4 1942 1 1943 -1 1946 -1 1947 1
122 4 226 1 227 -1 2499 1 2500 -1
-19 2 250 1 251 -1
7 2 442 1 443 -1
-48 2 1272 1 1273 -1
45 2 524 1 525 -1
-29 2 1696 1 1697 -1
-15 2 2466 1 2467 -1
58 2 538 1 539 -1
56 2 102 1 103 -1
34 4 1944 1 1945 -1 1946 -1 1947 1
-18 2 1686 1 1687 -1
-44 2 2478 1 2479 -1
22 4 1938 1 1939 -1 1946 -1 1947 1
-15 2 1746 1 1747 -1
0 2 98 1 99 -1
21 2 100 1 101 -1
19 2 2370 1 2371 -1
17 2 2006 1 2007 -1
19 2 1322 1 1323 -1
-10 2 532 1 533 -1
-26 2 1450 1 1451 -1
-3 2 2202 1 2203 -1
17 2 740 1 741 -1
17 2 2354 1 2355 -1
7 2 12 1 13 -1
-71 2 906 1 907 -1
-16 2 462 1 463 -1
-9 2 290 1 291 -1
-18 2 172 1 173 -1
19 2 512 1 513 -1
79 2 980 1 981 -1
54 2 964 1 965 -1
-24 2 1598 1 1599 -1
-15 2 1510 1 1511 -1
18 2 432 1 433 -1
2 2 2276 1 2277 -1
22 2 1924 1 1925 -1
-28 2 1124 1 1125 -1
66 2 984 1 985 -1
39 2 72 1 73 -1
23 2 916 1 917 -1
-75 2 1276 1 1277 -1
-56 2 790 1 791 -1
-16 2 540 1 541 -1
78 2 14 1 15 -1
-11 2 1986 1 1987 -1
10 2 2028 1 2029 -1
2 2 1114 1 1115 -1
-34 2 470 1 471 -1
-78 2 2220 1 2221 -1
-27 2 254 1 255 -1
46 2 400 1 401 -1
-44 2 564 1 565 -1
70 2 1672 1 1673 -1
-51 2 1868 1 1869 -1
3 2 522 1 523 -1
19 2 1248 1 1249 -1
90 2 1206 1 1207 -1
-345 2 320 1 321 -1
-23 2 1518 1 1519 -1
-39 2 300 1 301 -1
-64 2 476 1 477 -1
36 2 974 1 975 -1
7 2 958 1 959 -1
-80 2 220 1 221 -1
28 2 110 1 111 -1
16 2 1010 1 1011 -1
-283 2 760 1 761 -1
-71 2 1524 1 1525 -1
-9 2 2086 1 2087 -1
-64 2 90 1 91 -1
17 2 934 1 935 -1
91 2 222 1 223 -1
-17 2 1412 1 1413 -1
5 2 1638 1 1639 -1
-43 2 184 1 185 -1
-83 2 1406 1 1407 -1
-58 2 546 1 547 -1
4 2 1778 1 1779 -1
-95 2 10 1 11 -1
-33 2 88 1 89 -1
-56 2 1404 1 1405 -1
-70 2 2308 1 2309 -1
-62 2 2306 1 2307 -1
61 2 526 1 527 -1
-70 2 2 1 3 -1
-31 2 2170 1 2171 -1
-58 2 556 1 557 -1
-52 2 168 1 169 -1
-13 2 2511 1 2512 -1
25 2 822 1 823 -1
18 2 386 1 387 -1
34 2 126 1 127 -1
-24 2 2078 1 2079 -1
-20 2 2294 1 2295 -1
17 2 1212 1 1213 -1
-60 2 1522 1 1523 -1
7 2 2030 1 2031 -1
-63 2 696 1 697 -1
48 2 1376 1 1377 -1
36 2 1926 1 1927 -1
10 2 1468 1 1469 -1
27 2 918 1 919 -1
-17 2 688 1 689 -1
3 2 1250 1 1251 -1
-55 2 474 1 475 -1
-63 2 1838 1 1839 -1
73 2 1048 1 1049 -1
-40 2 146 1 147 -1
-38 2 1594 1 1595 -1
-21 2 1566 1 1567 -1
34 2 1268 1 1269 -1
34 2 1552 1 1553 -1
-35 2 550 1 551 -1
51 2 1330 1 1331 -1
33 2 1034 1 1035 -1
-53 2 8 1 9 -1
-18 2 1394 1 1395 -1
-10 2 1466 1 1467 -1
23 2 1138 1 1139 -1
-46 2 304 1 305 -1
14 2 2316 1 2317 -1
-8 2 78 1 79 -1
30 2 310 1 311 -1
-54 2 306 1 307 -1
-41 2 544 1 545 -1
156 2 1916 1 1917 -1
-126 2 866 1 867 -1
-52 2 1980 1 1981 -1
-53 2 384 1 385 -1
-18 2 162 1 163 -1
63 2 1812 1 1813 -1
5 2 246 1 247 -1
-41 2 2298 1 2299 -1
-33 2 1974 1 1975 -1
-73 2 558 1 559 -1
24 2 1098 1 1099 -1
-41 2 188 1 189 -1
68 2 1352 1 1353 -1
38 2 1952 1 1953 -1
65 2 1200 1 1201 -1
125 2 2082 1 2083 -1
76 2 216 1 217 -1
22 2 1490 1 1491 -1
-67 2 170 1 171 -1
6 2 1572 1 1573 -1
-2 2 2042 1 2043 -1
-37 2 6 1 7 -1
27 2 2278 1 2279 -1
21 2 2450 1 2451 -1
38 2 1584 1 1585 -1
238 2 1616 1 1617 -1
-78 2 698 1 699 -1
20 2 1032 1 1033 -1
62 2 950 1 951 -1
77 2 966 1 967 -1
-21 2 2408 1 2409 -1
-70 2 2256 1 2257 -1
36 2 606 1 607 -1
-7 2 2108 1 2109 -1
-7 2 2392 1 2393 -1
10 2 2072 1 2073 -1
22 2 1458 1 1459 -1
-16 2 82 1 83 -1
22 2 1388 1 1389 -1
-47 2 1660 1 1661 -1
136 2 1538 1 1539 -1
7 2 1474 1 1475 -1
35 2 2134 1 2135 -1
-37 2 1830 1 1831 -1
61 2 1508 1 1509 -1
186 2 1760 1 1761 -1
43 2 1854 1 1855 -1
-32 2 586 1 587 -1
-229 2 1174 1 1175 -1
7 2 1420 1 1421 -1
40 2 460 1 461 -1
0 2 1298 1 1299 -1
-59 2 190 1 191 -1
-9 2 896 1 897 -1
-21 2 1514 1 1515 -1
22 6 986 1 987 -1 2499 1 2500 -1 2505 1 2506 -1
-130 6 2008 1 2009 -1 2499 -1 2500 1 2505 -1 2506 1
37 2 1022 1 1023 -1
-22 2 342 1 343 -1
-1 2 1332 1 1333 -1
-115 6 2326 1 2327 -1 2499 -1 2500 1 2505 -1 2506 1
2 6 630 1 631 -1 2499 -1 2500 1 2505 -1 2506 1
25 6 2052 1 2053 -1 2499 1 2500 -1 2505 1 2506 -1
-5 2 416 1 417 -1
-1 2 1218 1 1219 -1
10 2 1646 1 1647 -1
-85 2 1840 1 1841 -1
-41 2 466 1 467 -1
70 2 2523 1 2524 -1
44 2 224 1 225 -1
22 2 2154 1 2155 -1
-49 2 2198 1 2199 -1
-24 2 1318 1 1319 -1
38 2 448 1 449 -1
-39 2 2156 1 2157 -1
7 2 646 1 647 -1
-22 2 736 1 737 -1
96 2 1026 1 1027 -1
-37 2 2366 1 2367 -1
-65 2 376 1 377 -1
23 2 1602 1 1603 -1
15 2 1078 1 1079 -1
-36 2 2100 1 2101 -1
-8 2 20 1 21 -1
-28 2 380 1 381 -1
-3 2 702 1 703 -1
34 2 710 1 711 -1
-4 2 1786 1 1787 -1
-171 6 2332 1 2333 -1 2499 -1 2500 1 2505 -1 2506 1
75 2 1196 1 1197 -1
-68 2 2200 1 2201 -1
-34 6 2372 1 2373 -1 2499 -1 2500 1 2505 -1 2506 1
21 2 1526 1 1527 -1
-40 2 1320 1 1321 -1
-104 2 2210 1 2211 -1
48 6 1874 1 1875 -1 2499 1 2500 -1 2505 1 2506 -1
-63 2 2246 1 2247 -1
62 2 1340 1 1341 -1
22 2 1798 1 1799 -1
-41 2 738 1 739 -1
9 2 1556 1 1557 -1
44 2 2048 1 2049 -1
-13 2 284 1 285 -1
-32 2 2068 1 2069 -1
21 2 592 1 593 -1
-99 2 1176 1 1177 -1
-53 2 2368 1 2369 -1
39 2 936 1 937 -1
-24 2 2350 1 2351 -1
-32 2 382 1 383 -1
64 6 2054 1 2055 -1 2499 1 2500 -1 2505 1 2506 -1
76 2 48 1 49 -1
60 2 1012 1 1013 -1
-147 2 762 1 763 -1
-9 6 638 1 639 -1 2499 -1 2500 1 2505 -1 2506 1
-43 2 492 1 493 -1
-10 4 2070 1 2071 -1 2505 -1 2506 1
25 2 824 1 825 -1
-3 4 1558 1 1559 -1 2505 -1 2506 1
42 2 1726 1 1727 -1
-8 2 878 1 879 -1
-111 6 2014 1 2015 -1 2499 -1 2500 1 2505 -1 2506 1
-24 2 1954 1 1955 -1
72 2 322 1 323 -1
-46 2 622 1 623 -1
-113 2 1028 1 1029 -1
-37 2 2234 1 2235 -1
45 6 1878 1 1879 -1 2499 1 2500 -1 2505 1 2506 -1
27 6 990 1 991 -1 2499 1 2500 -1 2505 1 2506 -1
22 2 1546 1 1547 -1
-38 2 1712 1 1713 -1
178 2 1904 1 1905 -1
-57 2 2250 1 2251 -1
138 2 1908 1 1909 -1
-86 4 2248 1 2249 -1 2505 -1 2506 1
26 2 1370 1 1371 -1
11 2 1062 1 1063 -1
-23 2 508 1 509 -1
-29 2 230 1 231 -1
22 2 1384 1 1385 -1
11 2 1476 1 1477 -1
48 2 1504 1 1505 -1
33 2 2446 1 2447 -1
-9 2 536 1 537 -1
-24 2 294 1 295 -1
46 2 642 1 643 -1
34 2 746 1 747 -1
-29 2 948 1 949 -1
-9 2 1300 1 1301 -1
-26 2 1650 1 1651 -1
-21 2 876 1 877 -1
-21 2 1710 1 1711 -1
-30 2 1284 1 1285 -1
-128 2 2020 1 2021 -1
122 2 1728 1 1729 -1
-47 2 1858 1 1859 -1
35 2 798 1 799 -1
7 2 1818 1 1819 -1
23 4 1898 1 1899 -1 2505 -1 2506 1
-26 2 106 1 107 -1
28 2 308 1 309 -1
1 2 94 1 95 -1
-2 2 412 1 413 -1
2 2 1776 1 1777 -1
14 2 1990 1 1991 -1
-2 2 1090 1 1091 -1
-45 2 2352 1 2353 -1
90 2 22 1 23 -1
-122 2 1790 1 1791 -1
-152 2 348 1 349 -1
-13 2 2232 1 2233 -1
102 2 1896 1 1897 -1
27 2 1664 1 1665 -1
23 4 748 1 749 -1 2505 -1 2506 1
67 2 1740 1 1741 -1
41 2 1202 1 1203 -1
-36 2 2168 1 2169 -1
101 2 1530 1 1531 -1
-28 2 2272 1 2273 -1
57 2 1344 1 1345 -1
27 6 2380 1 2381 -1 2499 -1 2500 1 2505 -1 2506 1
94 2 1998 1 1999 -1
-37 2 70 1 71 -1
-74 2 1788 1 1789 -1
37 2 1002 1 1003 -1
-128 2 2140 1 2141 -1
51 2 2110 1 2111 -1
-34 4 772 1 773 -1 786 -1 787 1
-43 2 1294 1 1295 -1
170 2 214 1 215 -1
-23 6 662 1 663 -1 668 -1 669 1 2505 -1 2506 1
-77 2 346 1 347 -1
-59 2 848 1 849 -1
-20 2 1670 1 1671 -1
93 2 1532 1 1533 -1
-33 2 262 1 263 -1
63 2 1668 1 1669 -1
-18 2 68 1 69 -1
15 2 454 1 455 -1
-64 2 1856 1 1857 -1
-49 2 104 1 105 -1
-31 2 1414 1 1415 -1
39 2 1346 1 1347 -1
40 2 1442 1 1443 -1
16 2 1610 1 1611 -1
-25 4 1884 1 1885 -1 2505 1 2506 -1
-4 2 706 1 707 -1
71 2 1622 1 1623 -1
4 2 1632 1 1633 -1
-56 2 1588 1 1589 -1
8 2 1806 1 1807 -1
161 2 1910 1 1911 -1
-66 2 2424 1 2425 -1
251 2 2208 1 2209 -1
-26 2 392 1 393 -1
-43 2 196 1 197 -1
15 2 1436 1 1437 -1
48 2 1536 1 1537 -1
7 2 2044 1 2045 -1
-280 2 2336 1 2337 -1
-14 2 2186 1 2187 -1
159 2 2204 1 2205 -1
-31 2 2422 1 2423 -1
7 2 2228 1 2229 -1
-77 2 144 1 145 -1
42 2 1914 1 1915 -1
-38 2 846 1 847 -1
3 2 206 1 207 -1
-4 2 1350 1 1351 -1
23 2 2244 1 2245 -1
57 6 2282 1 2283 -1 2499 1 2500 -1 2505 1 2506 -1
30 2 1802 1 1803 -1
-1 2 858 1 859 -1
-29 2 2386 1 2387 -1
-203 2 838 1 839 -1
15 2 1764 1 1765 -1
-86 2 2436 1 2437 -1
-42 2 1374 1 1375 -1
-47 2 408 1 409 -1
-75 2 136 1 137 -1
-30 2 2252 1 2253 -1
3 2 572 1 573 -1
315 2 38 1 39 -1
280 2 1052 1 1053 -1
-5 2 888 1 889 -1
93 2 1964 1 1965 -1
11 2 996 1 997 -1
15 2 340 1 341 -1
14 2 628 1 629 -1
-27 2 458 1 459 -1
39 2 1606 1 1607 -1
54 2 1614 1 1615 -1
6 2 422 1 423 -1
-19 2 1810 1 1811 -1
-8 2 2491 1 2492 -1
10 2 1562 1 1563 -1
-26 4 666 1 667 -1 668 -1 669 1
7 2 886 1 887 -1
9 2 2074 1 2075 -1
-12 2 1054 1 1055 -1
-259 4 2334 1 2335 -1 2499 -1 2500 1
11 6 2286 1 2287 -1 2499 1 2500 -1 2505 1 2506 -1
-9 6 1690 1 1691 -1 2499 1 2500 -1 2505 1 2506 -1
39 2 314 1 315 -1
-276 6 2328 1 2329 -1 2499 -1 2500 1 2505 -1 2506 1
-22 4 640 1 641 -1 2499 -1 2500 1
4 6 1120 1 1121 -1 2499 1 2500 -1 2505 1 2506 -1
41 6 436 1 437 -1 2499 1 2500 -1 2505 1 2506 -1
36 6 632 1 633 -1 2499 -1 2500 1 2505 -1 2506 1
10 2 2106 1 2107 -1
-4 2 2040 1 2041 -1
10 2 704 1 705 -1
17 2 1472 1 1473 -1
-19 2 1464 1 1465 -1
-86 2 1172 1 1173 -1
22 2 1288 1 1289 -1
36 2 1784 1 1785 -1
54 2 634 1 635 -1
-7 2 1282 1 1283 -1
-14 4 2290 1 2291 -1 2505 1 2506 -1
-103 2 796 1 797 -1
-15 2 1410 1 1411 -1
13 2 18 1 19 -1
80 2 2376 1 2377 -1
-4 2 2152 1 2153 -1
9 2 1092 1 1093 -1
112 2 398 1 399 -1
10 2 562 1 563 -1
4 2 260 1 261 -1
-18 2 1636 1 1637 -1
-195 2 2330 1 2331 -1
-27 2 732 1 733 -1
-26 2 2196 1 2197 -1
17 2 58 1 59 -1
-12 2 1314 1 1315 -1
-17 2 2362 1 2363 -1
10 2 1380 1 1381 -1
-7 2 2218 1 2219 -1
14 2 1498 1 1499 -1
139 2 2060 1 2061 -1
65 2 2440 1 2441 -1
-133 6 2010 1 2011 -1 2499 -1 2500 1 2505 -1 2506 1
11 2 1950 1 1951 -1
-30 2 2346 1 2347 -1
63 2 2176 1 2177 -1
277 2 504 1 505 -1
411 4 362 1 363 -1 2499 1 2500 -1
67 4 2384 1 2385 -1 2499 -1 2500 1
36 6 1122 1 1123 -1 2499 1 2500 -1 2505 1 2506 -1
71 2 2236 1 2237 -1
-4 2 1862 1 1863 -1
11 6 1694 1 1695 -1 2499 1 2500 -1 2505 1 2506 -1
-87 2 350 1 351 -1
-85 2 1792 1 1793 -1
28 2 1592 1 1593 -1
-32 2 2268 1 2269 -1
-22 2 1110 1 1111 -1
165 2 2212 1 2213 -1
19 6 2374 1 2375 -1 2499 -1 2500 1 2505 -1 2506 1
32 2 234 1 235 -1
112 2 286 1 287 -1
18 2 2144 1 2145 -1
30 2 956 1 957 -1
61 2 972 1 973 -1
77 2 1822 1 1823 -1
-25 2 1768 1 1769 -1
-63 4 1872 1 1873 -1 2505 1 2506 -1
36 2 1456 1 1457 -1
-19 2 1080 1 1081 -1
-7 2 1220 1 1221 -1
-11 2 50 1 51 -1
-11 2 608 1 609 -1
24 2 244 1 245 -1
16 2 1488 1 1489 -1
17 2 594 1 595 -1
-37 2 2410 1 2411 -1
-44 2 2525 1 2526 -1
28 2 1264 1 1265 -1
-115 2 868 1 869 -1
0 2 2124 1 2125 -1
-15 2 1574 1 1575 -1
-63 2 2394 1 2395 -1
-17 2 1064 1 1065 -1
-36 2 2456 1 2457 -1
-36 2 1232 1 1233 -1
-27 2 268 1 269 -1
-39 2 648 1 649 -1
-16 2 2318 1 2319 -1
-21 2 2507 1 2508 -1
-56 2 1750 1 1751 -1
17 2 1210 1 1211 -1
14 2 1676 1 1677 -1
14 2 122 1 123 -1
-42 2 1252 1 1253 -1
-34 2 1140 1 1141 -1
-15 2 1928 1 1929 -1
-15 2 920 1 921 -1
-206 4 1970 1 1971 -1 2499 -1 2500 1
-66 2 1154 1 1155 -1
5 2 1492 1 1493 -1
14 2 1040 1 1041 -1
-5 2 1460 1 1461 -1
17 2 248 1 249 -1
14 4 2497 1 2498 -1 2499 -1 2500 1
-32 2 718 1 719 -1
-48 4 1972 1 1973 -1 2499 -1 2500 1
-5 2 1270 1 1271 -1
-20 2 2032 1 2033 -1
129 2 366 1 367 -1
9 2 940 1 941 -1
-32 2 118 1 119 -1
-80 2 2503 1 2504 -1
47 2 830 1 831 -1
-12 2 1260 1 1261 -1
-239 2 768 1 769 -1
24 2 1018 1 1019 -1
-7 2 1208 1 1209 -1
7 2 240 1 241 -1
-3 2 2515 1 2516 -1
0 2 752 1 753 -1
51 2 2000 1 2001 -1
20 2 1452 1 1453 -1
-3 2 1484 1 1485 -1
-6 2 1902 1 1903 -1
3 2 1742 1 1743 -1
19 4 742 1 743 -1 2505 -1 2506 1
70 4 816 1 817 -1 2505 -1 2506 1
29 4 1890 1 1891 -1 2505 -1 2506 1
-101 4 754 1 755 -1 2505 -1 2506 1
46 4 1004 1 1005 -1 2505 -1 2506 1
27 4 928 1 929 -1 2505 -1 2506 1
-20 2 1444 1 1445 -1
26 4 316 1 317 -1 2505 -1 2506 1
-24 4 434 1 435 -1 2505 1 2506 -1
-109 4 1356 1 1357 -1 2505 1 2506 -1
-67 6 1368 1 1369 -1 2499 1 2500 -1 2505 1 2506 -1
-91 4 1116 1 1117 -1 2505 1 2506 -1
-109 4 1366 1 1367 -1 2505 1 2506 -1
37 2 930 1 931 -1
-20 2 2024 1 2025 -1
64 2 1996 1 1997 -1
-40 2 1244 1 1245 -1
-108 2 860 1 861 -1
-23 2 2310 1 2311 -1
-13 2 914 1 915 -1
-28 2 1132 1 1133 -1
42 2 1736 1 1737 -1
8 2 602 1 603 -1
-15 2 1568 1 1569 -1
-28 2 2404 1 2405 -1
12 2 1920 1 1921 -1
-52 2 1214 1 1215 -1
-7 2 1074 1 1075 -1
6 2 1440 1 1441 -1
86 2 2002 1 2003 -1
-15 2 1446 1 1447 -1
30 2 1744 1 1745 -1
-6 2 270 1 271 -1
-4 2 1752 1 1753 -1
-6 2 2458 1 2459 -1
-37 2 1678 1 1679 -1
-21 2 1066 1 1067 -1
-3 2 1234 1 1235 -1
7 2 1038 1 1039 -1
-77 2 2126 1 2127 -1
2 2 1150 1 1151 -1
-18 2 650 1 651 -1
33 2 596 1 597 -1
109 2 2527 1 2528 -1
-39 2 2396 1 2397 -1
4 2 52 1 53 -1
-28 2 1222 1 1223 -1
-6 2 1082 1 1083 -1
-33 2 2412 1 2413 -1
11 2 1576 1 1577 -1
-13 2 610 1 611 -1
234 2 360 1 361 -1
-23 2 2320 1 2321 -1
-22 2 1142 1 1143 -1
-76 2 870 1 871 -1
-19 2 720 1 721 -1
-35 2 1254 1 1255 -1
-3 2 922 1 923 -1
31 2 1930 1 1931 -1
-10 2 2034 1 2035 -1
-5 4 2488 1 2489 -1 2499 -1 2500 1
40 4 1756 1 1757 -1 2499 1 2500 -1
-36 4 446 1 447 -1 2505 1 2506 -1
-50 4 1700 1 1701 -1 2505 1 2506 -1
37 4 1044 1 1045 -1 2499 1 2500 -1
39 4 1158 1 1159 -1 2499 1 2500 -1
294 4 370 1 371 -1 2499 1 2500 -1
-32 4 1126 1 1127 -1 2505 1 2506 -1
-137 4 142 1 143 -1 2499 -1 2500 1
17 4 242 1 243 -1 2505 -1 2506 1
8 4 1262 1 1263 -1 2505 -1 2506 1
12 4 120 1 121 -1 2505 -1 2506 1
